1 1 3 
1.1 1 2.916 
0 1.1 2.916 
1 1 3 



1 1 3 
0 1 3 
0 1.1 2.916 
1 1 3 



1.1 1 2.916 
1.2 1 2.688 
0 1.2 2.688 
1.1 1 2.916 



1.1 1 2.916 
0 1.1 2.916 
0 1.2 2.688 
1.1 1 2.916 



1.2 1 2.688 
1.3 1 2.352 
0 1.3 2.352 
1.2 1 2.688 



1.2 1 2.688 
0 1.2 2.688 
0 1.3 2.352 
1.2 1 2.688 



1.3 1 2.352 
1.4 1 1.944 
0 1.4 1.944 
1.3 1 2.352 



1.3 1 2.352 
0 1.3 2.352 
0 1.4 1.944 
1.3 1 2.352 



1.4 1 1.944 
1.5 1 1.5 
0 1.5 1.5 
1.4 1 1.944 



1.4 1 1.944 
0 1.4 1.944 
0 1.5 1.5 
1.4 1 1.944 



1.5 1 1.5 
1.6 1 1.056 
0 1.6 1.056 
1.5 1 1.5 



1.5 1 1.5 
0 1.5 1.5 
0 1.6 1.056 
1.5 1 1.5 



1.6 1 1.056 
1.7 1 0.648 
0 1.7 0.648 
1.6 1 1.056 



1.6 1 1.056 
0 1.6 1.056 
0 1.7 0.648 
1.6 1 1.056 



1.7 1 0.648 
1.8 1 0.312 
0 1.8 0.312 
1.7 1 0.648 



1.7 1 0.648 
0 1.7 0.648 
0 1.8 0.312 
1.7 1 0.648 



1.8 1 0.312 
1.9 1 0.084 
0 1.9 0.084 
1.8 1 0.312 



1.8 1 0.312 
0 1.8 0.312 
0 1.9 0.084 
1.8 1 0.312 



1.9 1 0.084 
2 1 0 
0 2 0 
1.9 1 0.084 



1.9 1 0.084 
0 1.9 0.084 
0 2 0 
1.9 1 0.084 



0 1 3 
0 1.1 2.916 
-0.1 0 2.916 
0 1 3 



0 1 3 
0 0 3 
-0.1 0 2.916 
0 1 3 



0 1.1 2.916 
0 1.2 2.688 
-0.2 0 2.688 
0 1.1 2.916 



0 1.1 2.916 
-0.1 0 2.916 
-0.2 0 2.688 
0 1.1 2.916 



0 1.2 2.688 
0 1.3 2.352 
-0.3 0 2.352 
0 1.2 2.688 



0 1.2 2.688 
-0.2 0 2.688 
-0.3 0 2.352 
0 1.2 2.688 



0 1.3 2.352 
0 1.4 1.944 
-0.4 0 1.944 
0 1.3 2.352 



0 1.3 2.352 
-0.3 0 2.352 
-0.4 0 1.944 
0 1.3 2.352 



0 1.4 1.944 
0 1.5 1.5 
-0.5 0 1.5 
0 1.4 1.944 



0 1.4 1.944 
-0.4 0 1.944 
-0.5 0 1.5 
0 1.4 1.944 



0 1.5 1.5 
0 1.6 1.056 
-0.6 0 1.056 
0 1.5 1.5 



0 1.5 1.5 
-0.5 0 1.5 
-0.6 0 1.056 
0 1.5 1.5 



0 1.6 1.056 
0 1.7 0.648 
-0.7 0 0.648 
0 1.6 1.056 



0 1.6 1.056 
-0.6 0 1.056 
-0.7 0 0.648 
0 1.6 1.056 



0 1.7 0.648 
0 1.8 0.312 
-0.8 0 0.312 
0 1.7 0.648 



0 1.7 0.648 
-0.7 0 0.648 
-0.8 0 0.312 
0 1.7 0.648 



0 1.8 0.312 
0 1.9 0.084 
-0.9 0 0.084 
0 1.8 0.312 



0 1.8 0.312 
-0.8 0 0.312 
-0.9 0 0.084 
0 1.8 0.312 



0 1.9 0.084 
0 2 0 
-1 0 0 
0 1.9 0.084 



0 1.9 0.084 
-0.9 0 0.084 
-1 0 0 
0 1.9 0.084 



0 0 3 
-0.1 0 2.916 
1 -0.1 2.916 
0 0 3 



0 0 3 
1 0 3 
1 -0.1 2.916 
0 0 3 



-0.1 0 2.916 
-0.2 0 2.688 
1 -0.2 2.688 
-0.1 0 2.916 



-0.1 0 2.916 
1 -0.1 2.916 
1 -0.2 2.688 
-0.1 0 2.916 



-0.2 0 2.688 
-0.3 0 2.352 
1 -0.3 2.352 
-0.2 0 2.688 



-0.2 0 2.688 
1 -0.2 2.688 
1 -0.3 2.352 
-0.2 0 2.688 



-0.3 0 2.352 
-0.4 0 1.944 
1 -0.4 1.944 
-0.3 0 2.352 



-0.3 0 2.352 
1 -0.3 2.352 
1 -0.4 1.944 
-0.3 0 2.352 



-0.4 0 1.944 
-0.5 0 1.5 
1 -0.5 1.5 
-0.4 0 1.944 



-0.4 0 1.944 
1 -0.4 1.944 
1 -0.5 1.5 
-0.4 0 1.944 



-0.5 0 1.5 
-0.6 0 1.056 
1 -0.6 1.056 
-0.5 0 1.5 



-0.5 0 1.5 
1 -0.5 1.5 
1 -0.6 1.056 
-0.5 0 1.5 



-0.6 0 1.056 
-0.7 0 0.648 
1 -0.7 0.648 
-0.6 0 1.056 



-0.6 0 1.056 
1 -0.6 1.056 
1 -0.7 0.648 
-0.6 0 1.056 



-0.7 0 0.648 
-0.8 0 0.312 
1 -0.8 0.312 
-0.7 0 0.648 



-0.7 0 0.648 
1 -0.7 0.648 
1 -0.8 0.312 
-0.7 0 0.648 



-0.8 0 0.312 
-0.9 0 0.084 
1 -0.9 0.084 
-0.8 0 0.312 



-0.8 0 0.312 
1 -0.8 0.312 
1 -0.9 0.084 
-0.8 0 0.312 



-0.9 0 0.084 
-1 0 0 
1 -1 0 
-0.9 0 0.084 



-0.9 0 0.084 
1 -0.9 0.084 
1 -1 0 
-0.9 0 0.084 



1 0 3 
1 -0.1 2.916 
1.1 1 2.916 
1 0 3 



1 0 3 
1 1 3 
1.1 1 2.916 
1 0 3 



1 -0.1 2.916 
1 -0.2 2.688 
1.2 1 2.688 
1 -0.1 2.916 



1 -0.1 2.916 
1.1 1 2.916 
1.2 1 2.688 
1 -0.1 2.916 



1 -0.2 2.688 
1 -0.3 2.352 
1.3 1 2.352 
1 -0.2 2.688 



1 -0.2 2.688 
1.2 1 2.688 
1.3 1 2.352 
1 -0.2 2.688 



1 -0.3 2.352 
1 -0.4 1.944 
1.4 1 1.944 
1 -0.3 2.352 



1 -0.3 2.352 
1.3 1 2.352 
1.4 1 1.944 
1 -0.3 2.352 



1 -0.4 1.944 
1 -0.5 1.5 
1.5 1 1.5 
1 -0.4 1.944 



1 -0.4 1.944 
1.4 1 1.944 
1.5 1 1.5 
1 -0.4 1.944 



1 -0.5 1.5 
1 -0.6 1.056 
1.6 1 1.056 
1 -0.5 1.5 



1 -0.5 1.5 
1.5 1 1.5 
1.6 1 1.056 
1 -0.5 1.5 



1 -0.6 1.056 
1 -0.7 0.648 
1.7 1 0.648 
1 -0.6 1.056 



1 -0.6 1.056 
1.6 1 1.056 
1.7 1 0.648 
1 -0.6 1.056 



1 -0.7 0.648 
1 -0.8 0.312 
1.8 1 0.312 
1 -0.7 0.648 



1 -0.7 0.648 
1.7 1 0.648 
1.8 1 0.312 
1 -0.7 0.648 



1 -0.8 0.312 
1 -0.9 0.084 
1.9 1 0.084 
1 -0.8 0.312 



1 -0.8 0.312 
1.8 1 0.312 
1.9 1 0.084 
1 -0.8 0.312 



1 -0.9 0.084 
1 -1 0 
2 1 0 
1 -0.9 0.084 



1 -0.9 0.084 
1.9 1 0.084 
2 1 0 
1 -0.9 0.084 



